-350
-475
-450
-100
-200
-200
-500
-425
-275
-250
-500
-375
-300
-400
-225
-275
-300
-425
-225
-125
-350
-350
-225
-125
-325
-475
-150
-450
-400
-250
-325
-100
-400
-375
-175
-175
-250
-500
-375
-125
-100
-300
-150
-150
-425
-325
-200
-450
-475
-275
-175
-225
-325
-450
-100
-350
-475
-425
-125
-275
-475
-225
-225
-500
-500
-175
-450
-100
-175
-100
-325
-400
-275
-175
-425
-375
-150
-200
-475
-375
-325
-400
-300
-300
-275
-450
-150
-350
-200
-125
-400
-250
-150
-125
-375
-500
-425
-350
-250
-200
-300
-250
-225
-500
-275
-250
-150
-175
-250
-300
-200
-325
-200
-175
-450
-150
-200
-400
-400
-175
-125
-100
-500
-350
-250
-400
-450
-425
-475
-275
-150
-300
-100
-300
-475
-375
-100
-425
-350
-500
-425
-325
-450
-225
-375
-125
-475
-350
-375
-225
-125
-275
-325
-175
-450
-350
-400
-100
-425
-500
-250
-400
-475
-100
-175
-150
-125
-325
-275
-400
-225
-275
-350
-125
-450
-125
-200
-375
-250
-150
-325
-300
-500
-150
-200
-250
-350
-375
-225
-300
-175
-425
-300
-375
-500
-225
-325
-475
-100
-275
-425
-475
-200
-450
